
tfBL =

    0.7071   -0.7071         0    0.0640
    0.7071    0.7071         0    0.2590
         0         0    1.0000    0.1296
         0         0         0    1.0000


tfBR =

    0.7071    0.7071         0    0.0640
   -0.7071    0.7071         0   -0.2590
         0         0    1.0000    0.1296
         0         0         0    1.0000

 
m1L =
 
[ cos(q1L), -(4967757600021511*sin(q1L))/81129638414606681695789005144064,                                         -sin(q1L), (69*cos(q1L))/1000]
[ sin(q1L),  (4967757600021511*cos(q1L))/81129638414606681695789005144064,                                          cos(q1L), (69*sin(q1L))/1000]
[        0,                                                            -1, 4967757600021511/81129638414606681695789005144064,         5407/20000]
[        0,                                                             0,                                                 0,                  1]
 
 
m2L =
 
[ cos(q2L), -(4967757600021511*sin(q2L))/81129638414606681695789005144064,                                          sin(q2L), 0]
[ sin(q2L),  (4967757600021511*cos(q2L))/81129638414606681695789005144064,                                         -cos(q2L), 0]
[        0,                                                             1, 4967757600021511/81129638414606681695789005144064, 0]
[        0,                                                             0,                                                 0, 1]
 
 
m3L =
 
[ cos(q3L), -(4967757600021511*sin(q3L))/81129638414606681695789005144064,                                         -sin(q3L), (69*cos(q3L))/1000]
[ sin(q3L),  (4967757600021511*cos(q3L))/81129638414606681695789005144064,                                          cos(q3L), (69*sin(q3L))/1000]
[        0,                                                            -1, 4967757600021511/81129638414606681695789005144064,         7287/20000]
[        0,                                                             0,                                                 0,                  1]
 
 
m4L =
 
[ cos(q4L), -(4967757600021511*sin(q4L))/81129638414606681695789005144064,                                          sin(q4L), 0]
[ sin(q4L),  (4967757600021511*cos(q4L))/81129638414606681695789005144064,                                         -cos(q4L), 0]
[        0,                                                             1, 4967757600021511/81129638414606681695789005144064, 0]
[        0,                                                             0,                                                 0, 1]
 
 
m5L =
 
[ cos(q5L), -(4967757600021511*sin(q5L))/81129638414606681695789005144064,                                         -sin(q5L), cos(q5L)/100]
[ sin(q5L),  (4967757600021511*cos(q5L))/81129638414606681695789005144064,                                          cos(q5L), sin(q5L)/100]
[        0,                                                            -1, 4967757600021511/81129638414606681695789005144064, 37429/100000]
[        0,                                                             0,                                                 0,            1]
 
 
m6L =
 
[ cos(q6L), -(4967757600021511*sin(q6L))/81129638414606681695789005144064,                                          sin(q6L), 0]
[ sin(q6L),  (4967757600021511*cos(q6L))/81129638414606681695789005144064,                                         -cos(q6L), 0]
[        0,                                                             1, 4967757600021511/81129638414606681695789005144064, 0]
[        0,                                                             0,                                                 0, 1]
 
 
m7L =
 
[ cos(q7L), -sin(q7L), 0,          0]
[ sin(q7L),  cos(q7L), 0,          0]
[        0,         0, 1, 9181/40000]
[        0,         0, 0,          1]
 
 
m1R =
 
[ cos(q1R), -(4967757600021511*sin(q1R))/81129638414606681695789005144064,                                         -sin(q1R), (69*cos(q1R))/1000]
[ sin(q1R),  (4967757600021511*cos(q1R))/81129638414606681695789005144064,                                          cos(q1R), (69*sin(q1R))/1000]
[        0,                                                            -1, 4967757600021511/81129638414606681695789005144064,         5407/20000]
[        0,                                                             0,                                                 0,                  1]
 
 
m2R =
 
[ cos(q2R), -(4967757600021511*sin(q2R))/81129638414606681695789005144064,                                          sin(q2R), 0]
[ sin(q2R),  (4967757600021511*cos(q2R))/81129638414606681695789005144064,                                         -cos(q2R), 0]
[        0,                                                             1, 4967757600021511/81129638414606681695789005144064, 0]
[        0,                                                             0,                                                 0, 1]
 
 
m3R =
 
[ cos(q3R), -(4967757600021511*sin(q3R))/81129638414606681695789005144064,                                         -sin(q3R), (69*cos(q3R))/1000]
[ sin(q3R),  (4967757600021511*cos(q3R))/81129638414606681695789005144064,                                          cos(q3R), (69*sin(q3R))/1000]
[        0,                                                            -1, 4967757600021511/81129638414606681695789005144064,         7287/20000]
[        0,                                                             0,                                                 0,                  1]
 
 
m4R =
 
[ cos(q4R), -(4967757600021511*sin(q4R))/81129638414606681695789005144064,                                          sin(q4R), 0]
[ sin(q4R),  (4967757600021511*cos(q4R))/81129638414606681695789005144064,                                         -cos(q4R), 0]
[        0,                                                             1, 4967757600021511/81129638414606681695789005144064, 0]
[        0,                                                             0,                                                 0, 1]
 
 
m5R =
 
[ cos(q5R), -(4967757600021511*sin(q5R))/81129638414606681695789005144064,                                         -sin(q5R), cos(q5R)/100]
[ sin(q5R),  (4967757600021511*cos(q5R))/81129638414606681695789005144064,                                          cos(q5R), sin(q5R)/100]
[        0,                                                            -1, 4967757600021511/81129638414606681695789005144064, 37429/100000]
[        0,                                                             0,                                                 0,            1]
 
 
m6R =
 
[ cos(q6R), -(4967757600021511*sin(q6R))/81129638414606681695789005144064,                                          sin(q6R), 0]
[ sin(q6R),  (4967757600021511*cos(q6R))/81129638414606681695789005144064,                                         -cos(q6R), 0]
[        0,                                                             1, 4967757600021511/81129638414606681695789005144064, 0]
[        0,                                                             0,                                                 0, 1]
 
 
m7R =
 
[ cos(q7R), -sin(q7R), 0,          0]
[ sin(q7R),  cos(q7R), 0,          0]
[        0,         0, 1, 9181/40000]
[        0,         0, 0,          1]
 
>> UNSIMPLIFIED

